Title line:"Pygospio elegans microsatellite genotype data"
pe7
pe15
pe17
pe18
pe6
pe19
pe12
pe13
Pop
FIA2008, 0825 1517 0808 0511 1111 1212 0116 1127
FIA2008, 0832 1717 0808 0505 1111 1212 0000 0000
FIA2008, 0736 1121 0808 0505 1111 1212 2929 0726
FIA2008, 0709 3336 0811 0511 1111 1212 1622 1525
FIA2008, 1617 1313 0808 0511 1111 1212 1725 2226
FIA2008, 1719 1717 0808 1111 1111 1212 2225 1925
FIA2008, 1435 1121 0808 0505 1111 1212 2329 2627
FIA2008, 1233 0930 0308 0505 1111 1212 0000 2429
FIA2008, 2938 1333 0808 0611 1111 1212 1226 2929
FIA2008, 0000 2121 0808 0511 1111 1212 1818 1115
FIA2008, 3030 0617 0808 0511 0000 0312 1419 1115
FIA2008, 2230 0312 0808 1111 1111 1212 2122 1526
FIA2008, 2835 1128 0808 1111 1111 1217 1624 3034
FIA2008, 0810 3232 0808 0505 1111 0000 1618 2626
FIA2008, 3030 1725 0808 0511 1111 1212 0000 0000
FIA2008, 3440 1332 0808 1111 1111 1212 0000 2428
FIA2008, 0809 3535 0808 0511 1111 1219 0923 0917
FIA2008, 2128 1418 0108 1111 1111 0612 1521 0815
FIA2008, 1725 1435 0308 0511 0711 0712 1926 1521
FIA2008, 0831 1136 0409 0611 0711 0712 1821 2727
FIA2008, 0104 0606 0808 0511 0711 1212 2223 2638
FIA2008, 0711 1515 0108 0511 0711 1212 3030 1621
FIA2008, 1017 1319 0308 0611 1111 0712 1926 2929
FIA2008, 0926 1116 0808 1111 1111 1212 1515 2728
FIA2008, 0520 1313 0808 0505 1111 1112 0000 3131
FIA2008, 0718 1313 0817 1111 1111 1212 0000 2736
FIA2008, 0929 2424 0808 0505 1111 1212 0000 1118
FIA2008, 0827 0101 0808 1114 1010 1212 2426 1118
FIA2008, 1012 2222 0808 0505 1111 1212 1818 2830
FIA2008, 0707 1717 0808 0611 0711 1212 1417 2127
FIA2008, 1718 3636 0808 0511 1011 1212 0606 1111
FIA2008, 1320 1515 0811 0711 0711 1212 0000 1014
FIA2008, 0831 1136 0809 1111 1111 0712 1819 2727
FIA2008, 1313 1115 0808 0105 1111 0712 0000 2528
FIA2008, 0717 1419 0808 1111 0711 0712 0000 2526
FIA2008, 3035 1113 0809 0505 1111 0712 1426 2225
FIA2008, 0707 1214 0808 1111 1111 0612 1819 2631
FIA2008, 0812 1827 0808 0511 1111 1217 1328 2327
FIA2008, 0707 1313 0808 0511 1011 1212 0000 2427
FIA2008, 0709 1417 0808 0511 1111 0612 0000 2324
FIA2008, 0716 1314 0808 1111 1111 1212 0000 0628
FIA2008, 0712 1113 0808 1111 0711 0712 2223 2028
FIA2008, 0707 1016 0308 1111 0711 0612 1012 2231
FIA2008, 1838 1414 0808 0711 1011 0612 1216 1619
FIA2008, 3638 3333 0808 0505 1111 1212 1116 1827
FIA2008, 0507 1033 0808 0511 1111 1212 0000 2929
FIA2008, 0714 1921 0808 0511 1111 1212 0000 2233
FIA2008, 1517 1717 0308 0611 1111 0712 1521 2228
FIA2008, 2838 1321 0808 0711 1111 0712 0000 1717
FIA2008, 0725 1335 0808 0511 0711 0912 1221 2631
FIA2008, 0822 0918 0808 0711 1111 0612 1924 2531
FIA2008, 0817 1925 0808 0511 0711 0612 0000 2829
FIA2008, 1212 0735 0808 0511 1111 0712 0000 2026
Pop
FIA2009, 0808 0816 0108 0511 1011 1212 3132 2830
FIA2009, 0826 1326 0808 0511 1111 0612 2828 1336
FIA2009, 0937 0613 0808 0505 1111 1112 2425 1729
FIA2009, 0917 1212 0808 1111 1111 0712 0918 1829
FIA2009, 1227 1515 0808 1111 1011 0612 2026 0922
FIA2009, 1213 1414 0808 0711 1011 0712 1824 2932
FIA2009, 0707 1616 0814 0505 1111 1212 3132 2129
FIA2009, 2831 1837 0808 0511 1111 0612 1115 2627
FIA2009, 0707 0916 0808 0505 1011 0612 1313 0909
FIA2009, 1327 1313 0808 0711 1111 1212 1625 3032
FIA2009, 0708 1313 0810 0505 1111 1212 2122 1528
FIA2009, 0714 1818 0808 0000 1111 1012 1324 1723
FIA2009, 0722 1819 0808 1111 0811 1207 1722 0817
FIA2009, 1622 1717 0808 1111 1111 1207 2122 0909
FIA2009, 0722 1819 0808 1111 0811 1212 1822 0817
FIA2009, 0608 0909 0822 0511 1011 1212 1920 1616
FIA2009, 0609 1933 0207 1111 1111 1212 1221 1316
FIA2009, 0709 3535 0808 1111 1011 0612 3132 1622
FIA2009, 1112 2734 0308 1111 1111 0612 1123 1927
FIA2009, 0711 1220 0308 0711 1111 1212 2122 2727
FIA2009, 1719 1835 0808 1111 1011 1212 1517 2526
FIA2009, 0838 1212 0808 0511 1111 1212 1922 2227
FIA2009, 2330 0606 0808 0511 1111 1212 1824 2031
FIA2009, 0505 1818 1313 1111 1111 1212 0909 1522
FIA2009, 0708 1522 0809 0511 1111 0212 1726 2729
FIA2009, 0714 1417 0808 0511 1111 1212 1624 1725
FIA2009, 1336 1422 0808 0511 1111 1212 1422 2131
FIA2009, 0531 1235 0809 0711 1111 1212 1520 2627
FIA2009, 1212 1324 0808 1111 1111 0612 1321 2528
FIA2009, 0728 1233 0808 0507 1111 0612 2324 2430
FIA2009, 0822 1115 0808 1111 1111 1212 2929 2029
FIA2009, 1112 1734 0808 0511 1111 1212 2225 2328
FIA2009, 0723 2222 0808 0511 1111 1212 2525 1818
FIA2009, 1823 3232 0808 1111 1111 1217 1718 1629
FIA2009, 0909 1212 0808 1111 1111 1212 1623 2331
FIA2009, 1026 1232 0808 0711 1011 1212 1313 2727
FIA2009, 0809 0513 0808 0711 1111 0712 1620 1724
FIA2009, 1928 1414 0808 0711 1111 0606 1015 0734
FIA2009, 0923 1223 0808 0511 1011 0712 1319 2626
FIA2009, 1414 2021 0808 1111 1111 1212 1524 1927
FIA2009, 1029 1019 0808 0511 1111 0612 2829 1124
FIA2009, 0730 1013 0808 1111 0711 1212 1616 2529
FIA2009, 0507 1416 0808 0505 1111 1212 1620 1824
FIA2009, 0713 1313 0308 1111 1111 0617 1414 1327
FIA2009, 2533 1818 0308 1111 1111 1212 2121 2525
FIA2009, 2229 1919 0808 1111 1110 0612 2121 0934
FIA2009, 1834 0303 0308 0511 1111 1212 1424 2426
FIA2009, 1030 1721 0308 0511 1111 1207 1819 1728
FIA2009, 0811 1538 0308 0511 1111 0612 2324 2730
FIA2009, 0829 2020 0808 0511 1111 1212 1122 2530
FIA2009, 0837 1717 0808 0505 1011 1212 2929 2626
FIA2009, 0809 1216 0809 0105 1111 0712 2425 1730
Pop
FIA2010, 0608 1521 0708 0511 1111 0612 2223 1522
FIA2010, 0811 1735 0812 0611 1111 0712 1313 1729
FIA2010, 0837 1933 0308 0611 0711 0712 1520 2929
FIA2010, 0711 1212 0308 0507 1111 1212 0303 1525
FIA2010, 1836 1415 0308 0711 0711 0612 0313 1523
FIA2010, 0923 0532 0308 0105 0711 0312 0000 1216
FIA2010, 0718 1015 0308 0711 1111 0712 1520 0505
FIA2010, 2025 0735 0808 0511 1111 0712 0000 1111
FIA2010, 3030 3233 0308 0611 1011 1212 2027 1523
FIA2010, 1426 2735 0809 0105 1111 1212 0000 0404
FIA2010, 0507 2836 0809 0711 1111 1112 1717 1313
FIA2010, 0720 0816 0708 0611 1111 1212 2930 0711
FIA2010, 3637 1436 0811 0511 1011 0612 1622 2728
FIA2010, 0707 1028 0808 1011 1111 0712 2232 2828
FIA2010, 0817 0635 0808 0511 1111 0612 1821 2830
FIA2010, 2225 1616 0808 1111 1011 0612 2424 1015
FIA2010, 1313 3535 0808 0711 1111 1212 2425 2429
FIA2010, 0717 1414 0308 1111 1111 1217 1626 0509
FIA2010, 0818 1011 0808 0611 1111 1212 1920 1627
FIA2010, 2227 1212 0808 0511 1111 0612 2629 2326
FIA2010, 2332 0000 0308 0507 1011 0612 1831 3033
FIA2010, 0735 3335 0308 1111 1111 0712 0919 1331
FIA2010, 0808 0812 0808 1111 1111 1212 1922 2828
FIA2010, 1113 0813 0808 0511 1111 0612 1217 2023
FIA2010, 0819 0832 0308 0511 1111 0612 1732 2629
FIA2010, 0831 0105 0808 0511 0000 0712 1217 2224
FIA2010, 2027 1515 0808 0105 1111 0612 1725 3335
FIA2010, 3637 1010 0809 1111 1111 1212 0000 2433
FIA2010, 1417 1827 0808 0511 1011 1212 2122 1232
FIA2010, 0927 1340 0808 0707 1011 1212 0719 1229
FIA2010, 1227 1733 0308 0105 1111 0712 3132 1326
FIA2010, 1218 1010 0808 1111 0711 0712 0000 1929
FIA2010, 1229 1537 0808 1111 1111 0712 1717 1525
FIA2010, 1734 1223 0308 0511 1011 0712 0821 1626
FIA2010, 1727 1318 0808 1111 1111 1212 3232 1431
FIA2010, 1826 2223 0813 0511 1111 0612 1923 1518
FIA2010, 1827 1919 0308 1111 0711 0612 1217 2630
FIA2010, 1828 1313 0808 1111 0711 0612 1521 1418
FIA2010, 1838 1531 0808 0507 1011 0612 1515 2330
FIA2010, 1228 1539 0808 0505 1111 1212 1721 2929
FIA2010, 0820 1035 0808 0511 1111 1212 1122 2034
FIA2010, 0708 1427 0808 0711 1111 1212 1421 2123
Pop
FIF2008, 2325 0536 0811 0505 1111 1212 2526 1516
FIF2008, 1330 1127 0808 1111 1011 1212 0000 1328
FIF2008, 2933 1233 0808 0511 1111 0612 0000 2626
FIF2008, 1933 2727 0808 0711 1111 0612 2224 1218
FIF2008, 1421 1224 0808 0505 1111 1212 0000 2736
FIF2008, 1832 2727 0808 1111 1111 0612 2324 1111
FIF2008, 1721 1725 0808 1111 1111 1112 0321 1923
FIF2008, 3131 0515 0808 0505 1111 0612 2020 2530
FIF2008, 0808 1011 0808 0505 1111 1212 1923 2126
FIF2008, 3333 1010 0808 0511 1111 1212 1718 1114
FIF2008, 1128 1515 0808 0000 1111 1212 2223 2531
FIF2008, 0708 1417 0808 0505 1111 0612 1515 2535
FIF2008, 1732 2530 0808 0511 1111 1212 1427 3135
FIF2008, 0910 1733 0809 0711 1111 1212 0000 2331
FIF2008, 0730 1428 0808 1111 1111 1212 1818 1117
FIF2008, 1516 3535 0308 0511 1111 1212 0000 2226
FIF2008, 1518 1136 0000 0611 0711 1212 1112 0000
FIF2008, 1215 0511 0808 0711 1111 1212 2424 2022
FIF2008, 0622 2829 0808 0611 1111 1212 1318 2935
FIF2008, 1515 1212 0809 1111 1111 0612 2324 2022
FIF2008, 1618 2929 0809 1111 1011 1112 1418 2328
FIF2008, 2929 2734 0308 0105 1111 0612 2324 0000
FIF2008, 0814 1519 0808 0505 1111 0612 0000 1523
FIF2008, 1521 2020 0808 0511 1111 1212 0000 0000
FIF2008, 2635 1818 0803 0511 1111 1212 1919 2433
FIF2008, 1734 1527 0810 0511 1111 1212 0000 2025
FIF2008, 2126 2727 0308 0511 1111 0612 2127 1219
FIF2008, 0719 2828 0708 1111 1111 0612 2728 2526
FIF2008, 1521 1833 0809 0507 1111 1212 2226 0505
FIF2008, 2027 1717 0808 0507 1111 1212 1826 0523
FIF2008, 1017 2729 0809 1111 1111 1212 0202 2427
FIF2008, 3636 3131 0808 0711 1111 1212 1920 1827
FIF2008, 0738 1335 0808 0511 1111 1212 1220 0929
FIF2008, 1010 3232 0909 1111 1111 1212 1616 2929
FIF2008, 0827 0729 0809 1111 1011 1212 1925 1726
FIF2008, 1127 0728 0808 1111 1111 1212 2028 1319
FIF2008, 2828 1743 0808 0505 1111 1212 1010 1418
FIF2008, 1128 3737 0808 0511 1111 1212 0000 2020
FIF2008, 0828 1014 0808 1111 1111 1212 2626 2021
FIF2008, 0836 1433 0808 0511 1111 1212 0000 2033
FIF2008, 3336 1717 0808 0511 1111 1212 1010 2230
FIF2008, 2626 1736 0809 1111 1011 1212 1920 1631
FIF2008, 0726 1316 0808 0505 1111 1212 0707 1330
FIF2008, 0811 3434 0808 0511 1114 1212 1920 0000
FIF2008, 3031 3234 0808 1111 0711 0612 1824 2632
Pop
FIF2009, 0729 0000 0808 0507 1111 1212 2223 2729
FIF2009, 3236 1417 0808 0511 1111 1212 1724 2834
FIF2009, 0833 2834 0808 1111 1111 0612 2122 3232
FIF2009, 0812 0825 0809 1111 1011 1212 0000 1628
FIF2009, 2025 1616 0808 0511 1111 1212 1920 1228
FIF2009, 2424 2734 0808 0511 1011 1212 0000 3232
FIF2009, 1734 1823 0808 0511 1111 0612 1824 2729
FIF2009, 0820 2733 0808 1111 1111 1212 1212 2731
FIF2009, 1317 3535 0808 0711 1111 1212 0000 1820
FIF2009, 0830 3434 0808 1111 0711 1212 0118 3434
FIF2009, 0711 1336 0808 1111 1111 1212 1313 2229
FIF2009, 1724 1616 0708 1111 1111 1212 2121 2632
FIF2009, 3235 1429 0808 1111 1111 1212 2121 2935
FIF2009, 0619 0808 0808 0505 1111 1212 1626 1727
FIF2009, 0728 3442 0808 0511 1111 1212 3232 2020
FIF2009, 0837 1434 0809 1111 1111 0612 1920 2232
FIF2009, 1010 1321 0808 0711 0711 1212 1623 2428
FIF2009, 0924 1313 0808 1111 1011 1212 2627 2124
FIF2009, 1321 2828 0808 1111 1111 1212 2627 1515
FIF2009, 0711 1416 0808 0505 1111 1212 2020 1732
FIF2009, 0824 2535 0808 1111 1111 1212 1718 2029
FIF2009, 1313 3333 0808 0611 1111 0612 1719 1517
FIF2009, 2626 2727 0808 1111 1111 1212 0000 1729
FIF2009, 2435 1429 0809 0511 1111 1212 2223 0531
FIF2009, 1133 2334 0808 1111 1111 0612 1526 1226
FIF2009, 1027 3333 0809 1111 1111 0612 2323 2530
FIF2009, 2426 2328 0808 0505 1111 1112 0000 2030
FIF2009, 1016 3030 0808 1111 1111 1212 0924 1836
FIF2009, 0635 1919 0808 1111 1011 1212 1830 1922
FIF2009, 0730 1919 0808 1111 1111 1212 0000 1524
FIF2009, 2020 2828 0809 1111 1011 1212 0000 1529
FIF2009, 1732 1217 0808 0505 1111 1212 3131 1928
FIF2009, 0707 1932 0808 0511 1111 1112 0505 2430
FIF2009, 1120 1417 0808 1111 1111 1212 0000 1212
FIF2009, 1116 3234 0909 0711 1111 0612 0000 1430
FIF2009, 2828 1318 0809 0507 0711 1212 0000 2526
FIF2009, 1825 1334 0808 1111 1111 1212 2527 2121
FIF2009, 1121 0606 0808 1111 1111 1212 0000 1717
FIF2009, 0716 2235 0808 1111 1111 1212 0409 2033
FIF2009, 0707 1635 0808 0505 1111 1112 1212 1221
Pop
FIF2010, 0719 2020 0809 1212 1111 0612 2021 0000
FIF2010, 0709 1135 0808 0711 1111 0612 1920 2532
FIF2010, 0928 1120 0808 1111 1111 1212 2223 0513
FIF2010, 1626 2929 0808 0611 1111 1112 0320 1925
FIF2010, 2929 3535 0810 0511 1111 0612 2526 1216
FIF2010, 0707 1112 0808 0511 1111 0612 1517 0808
FIF2010, 2225 1233 0808 0611 1111 1212 1920 0815
FIF2010, 0826 1420 0808 0507 1111 0612 2930 1823
FIF2010, 1516 3131 0808 1111 1111 0612 1919 2028
FIF2010, 2831 1213 0808 1111 1111 1212 0000 2430
FIF2010, 0931 1117 0909 1111 1111 0612 2020 2732
FIF2010, 2327 2133 0808 0711 1111 1212 0000 2435
FIF2010, 2531 2727 0808 1111 1111 1212 1919 2632
FIF2010, 0729 2828 0808 1111 1111 1213 0000 0726
FIF2010, 0836 0000 0808 1111 1111 1212 3030 0914
FIF2010, 1935 2929 0808 0505 1111 1212 1317 1128
FIF2010, 1735 2828 0809 0511 1111 1214 1422 0812
FIF2010, 2935 1427 0808 0505 1111 1212 1320 1515
FIF2010, 2227 1116 0808 0511 1111 1212 2526 2225
FIF2010, 0829 1720 0808 1111 1111 1212 0000 1123
FIF2010, 0736 1415 0809 0711 1111 0612 1730 2934
FIF2010, 1830 2828 0808 0511 1111 1212 1629 1725
FIF2010, 0725 1130 0824 1111 0711 0612 1920 2629
FIF2010, 1919 1324 0808 0511 0711 1212 0000 2429
FIF2010, 1936 1111 0808 0105 1111 0612 0112 2428
FIF2010, 0920 1335 0808 1111 1111 1212 2021 2325
FIF2010, 1230 1420 0808 1111 0711 0612 1616 2426
FIF2010, 0829 1828 0808 0611 1111 1212 1920 0404
FIF2010, 2121 2425 0808 0511 1011 1112 1919 2123
FIF2010, 0815 1520 0808 1111 1111 1212 1826 2630
FIF2010, 1120 3333 0809 0511 1111 1212 1515 1212
FIF2010, 1427 3131 0108 0511 1111 0712 0000 0408
FIF2010, 2430 1515 0808 0507 1111 1212 0820 1414
FIF2010, 0932 0000 0000 0000 0711 0606 0000 0723
FIF2010, 1928 1234 0308 0511 0711 0712 1116 1011
FIF2010, 0909 1419 0308 0511 1011 0612 2131 1618
FIF2010, 0917 1111 0000 1111 1111 1112 1419 2426
FIF2010, 2930 0726 0808 1111 1111 1212 0000 1414
FIF2010, 0829 1417 0808 0711 1111 1212 0000 1818
Pop
DKR2009, 0317 2226 0813 0711 1111 1212 1226 1431
DKR2009, 1111 0000 0308 0511 0711 0712 1718 1212
DKR2009, 0810 0511 1321 1105 0711 0712 1318 2639
DKR2009, 1116 0820 2121 0611 1111 1212 0000 2433
DKR2009, 1529 1116 0813 0511 1111 0712 2024 3035
DKR2009, 1011 0409 1010 0505 1111 1212 2020 1519
DKR2009, 1012 0623 0808 0511 1111 1212 0000 0713
DKR2009, 1014 1010 0808 0511 1111 1212 0000 1530
DKR2009, 1129 2424 0808 0711 1111 1112 2123 1524
DKR2009, 1011 0909 1008 0505 1111 1212 0000 3334
DKR2009, 0709 0409 0808 0511 1111 1212 1718 2330
DKR2009, 0712 0910 0308 1111 1111 0612 0000 2428
DKR2009, 1116 2828 0813 1111 0000 1212 1717 2432
DKR2009, 1013 1520 1321 0711 1111 0612 0000 2935
DKR2009, 2222 1014 0808 0711 1111 1212 1121 2425
DKR2009, 2527 1515 0808 0611 1111 1212 1022 2832
DKR2009, 1616 2038 0910 0711 1111 0612 1819 2526
DKR2009, 0612 1828 1010 0505 1111 0612 0000 1626
DKR2009, 1212 0935 0816 1111 1111 0612 2324 2434
DKR2009, 1011 0909 1010 0105 1111 1212 1420 1518
DKR2009, 1011 0409 0910 0505 1111 1212 2020 1518
DKR2009, 0810 0308 0308 0711 1111 1212 0101 1417
DKR2009, 0813 0510 0808 0511 1111 1212 2426 1515
DKR2009, 1033 0511 0308 0711 1011 0612 0000 1315
DKR2009, 1832 1124 0308 0511 1111 0712 1521 1926
DKR2009, 2835 1010 0810 0511 1111 1212 1421 2024
DKR2009, 1011 1010 1011 0505 0711 1212 2020 1518
DKR2009, 0517 1026 0909 0711 1111 1212 0000 1212
DKR2009, 1517 2323 1313 1111 1111 1212 0000 1328
DKR2009, 1111 0808 1011 0711 1111 1212 0000 1923
DKR2009, 1818 0911 0000 0711 1111 0612 2324 2434
DKR2009, 1113 1123 1313 0000 0711 0712 0000 2428
DKR2009, 1416 1123 0808 0711 0711 0712 2122 2129
DKR2009, 1011 0909 1010 0505 1111 0712 2020 1518
DKR2009, 1011 1010 1010 0505 1111 1212 2020 1518
DKR2009, 1117 1212 0910 0611 1111 0612 0000 1427
DKR2009, 0909 0808 0808 0711 1111 1212 1117 0913
DKR2009, 1627 0707 0808 0711 1111 1212 1921 1624
DKR2009, 1414 1419 0809 1111 1111 1212 1718 1414
DKR2009, 1419 0505 0808 0511 1111 1212 0000 1115
DKR2009, 1011 1010 1010 0511 1111 1212 2020 1519
DKR2009, 0000 2828 0816 0511 1111 1212 0404 1626
Pop
DKR2010, 1337 1717 0308 0511 0711 1212 0000 2324
DKR2010, 0813 2437 0808 0511 0211 1212 1517 3639
DKR2010, 0911 3131 0308 1111 0711 0612 1416 0509
DKR2010, 0835 1114 0308 0511 0711 0612 1616 2526
DKR2010, 1032 1035 0308 0511 0711 0712 0927 1012
DKR2010, 1011 1717 0808 0505 1111 1212 1116 1122
DKR2010, 1315 0310 0808 0511 0711 0612 2226 1223
DKR2010, 0912 1820 0808 0511 0711 0612 1520 1523
DKR2010, 0937 1112 0808 0511 0711 1212 1717 2525
DKR2010, 0910 2626 0808 0711 0711 1212 1223 0813
DKR2010, 1417 0809 0813 0711 0711 1212 1414 1618
DKR2010, 1314 2626 0708 0707 1111 1212 1222 1522
DKR2010, 1215 1010 0808 0511 1111 1212 0914 1416
DKR2010, 1011 1323 0909 1111 1111 1212 1427 2737
DKR2010, 1414 2121 0808 0511 1111 0412 0303 2425
DKR2010, 1013 0826 0000 1111 1111 1212 0000 2425
DKR2010, 0814 1025 0808 0511 1111 1212 1414 2527
DKR2010, 1214 2430 0808 0711 1111 0612 2020 1324
DKR2010, 1011 2934 0808 1111 1111 1212 1420 1320
DKR2010, 0711 2239 0813 0511 1111 1212 0000 1726
DKR2010, 0826 0708 0808 0505 1111 1212 2222 2729
DKR2010, 1416 3030 0308 0711 0711 1212 1722 2123
DKR2010, 1012 0918 0000 1111 1111 1217 0000 1532
DKR2010, 0613 0832 0921 1111 0711 1212 0000 2426
DKR2010, 1010 3838 1014 0000 1111 1212 2121 1632
DKR2010, 0711 0308 0409 0611 1111 0312 2122 1516
DKR2010, 0911 1111 0808 0511 1111 1212 2526 1437
DKR2010, 1017 0812 0914 1111 1111 1212 0000 2333
DKR2010, 2828 0510 0909 0713 1111 0612 1620 2326
DKR2010, 1414 1010 0808 0511 1111 1212 1718 1522
DKR2010, 0000 1220 1421 1111 0000 0000 0000 0000
DKR2010, 1011 0911 1010 0505 1111 1212 1520 1518
DKR2010, 1426 0808 0913 1111 1111 1212 0000 1633
DKR2010, 1416 0837 0808 1111 1111 1212 1616 2126
DKR2010, 1025 0606 0910 0711 1111 0612 0000 1526
DKR2010, 0810 0810 0813 0711 1111 1212 1825 1213
DKR2010, 0814 0910 0308 0711 1111 1212 1216 1521
DKR2010, 1215 1028 0808 0505 1111 1212 1819 1422
DKR2010, 1215 1028 0808 0505 1111 1212 1819 1422
DKR2010, 1135 1717 0808 0511 1111 1212 0000 0625
Pop
DKV2008, 1121 2535 0808 0000 1114 1219 1517 1515
DKV2008, 2631 0924 0707 1111 1111 1212 1819 2530
DKV2008, 1117 1016 0808 0000 1112 0712 1129 1522
DKV2008, 2020 1318 0808 0711 1111 0612 1622 1419
DKV2008, 0921 1029 0809 0511 1111 0612 1724 1323
DKV2008, 1530 1836 0808 1111 0811 0612 1717 2929
DKV2008, 1718 2528 1010 0511 0711 0712 2929 0000
DKV2008, 0819 0920 0308 0505 1111 0606 1215 1435
DKV2008, 1016 0910 0808 0511 1111 1212 1212 1319
DKV2008, 2021 1114 0808 0711 1111 1212 1616 1213
DKV2008, 1014 1024 0909 1111 1111 0612 2325 1017
DKV2008, 1119 2020 1011 1111 1111 0606 0303 0520
DKV2008, 0916 1314 0707 1111 1113 0912 1017 2323
DKV2008, 1519 0608 0911 0000 1111 0612 1313 0728
DKV2008, 2240 1043 0808 0711 1111 1212 1112 2125
DKV2008, 1516 2428 0808 0711 0711 0606 1419 2028
DKV2008, 1115 1116 0808 0711 1111 0612 1818 1418
DKV2008, 1115 1010 0809 0711 1111 1212 1818 1517
DKV2008, 1020 1118 0108 0511 1111 0612 1828 1630
DKV2008, 0710 2742 0409 0711 0711 0612 0614 1024
DKV2008, 0710 2640 0109 0711 1111 0612 1414 1024
DKV2008, 1212 3535 0109 1111 1011 0000 2121 1718
DKV2008, 1227 0000 0909 1111 1011 0612 2121 1718
DKV2008, 2020 1011 0808 0511 1111 0612 1919 1517
DKV2008, 1434 0000 0808 1111 1111 1212 0308 1519
DKV2008, 1022 1010 0110 1111 1111 0612 0000 1619
DKV2008, 1118 2441 0808 0711 1111 1212 1420 1818
DKV2008, 0917 1036 0909 0711 1111 0612 1516 0627
DKV2008, 1314 0808 0809 0711 1111 1219 1527 2728
DKV2008, 0815 2325 0808 0307 1111 0612 1719 1526
DKV2008, 1111 2323 1010 0711 1111 0712 2121 0516
DKV2008, 1115 1010 0809 0707 1111 0712 0000 1517
DKV2008, 1928 0910 0808 0511 0711 0612 2022 1730
DKV2008, 0820 1138 0808 0711 0711 0712 0000 1415
DKV2008, 0518 2127 1821 1111 0711 0612 1117 0205
DKV2008, 2638 1832 1519 0000 1011 1717 1319 1723
DKV2008, 1317 0631 0817 1111 1111 0417 2222 0832
DKV2008, 0436 2124 0909 0505 1114 1212 1213 1010
DKV2008, 0436 2124 0909 1111 1113 1212 1213 0610
DKV2008, 0000 0910 0409 0511 0711 1217 0000 1416
DKV2008, 0709 1520 1010 1212 1113 0712 0000 2222
DKV2008, 3737 0707 1212 0000 1113 1217 1720 1126
DKV2008, 3737 0707 1212 0000 1113 1217 1720 1126
Pop
DKV2009, 1515 0921 0909 0000 1111 1212 0000 0615
DKV2009, 1115 1010 0809 0707 1111 1212 0000 1517
DKV2009, 0810 2743 0808 0711 1011 0612 1920 1112
DKV2009, 0516 1011 0409 0307 1111 1112 0000 2031
DKV2009, 1720 1010 0808 0711 0711 1212 0000 2435
DKV2009, 1617 0000 0914 0507 1111 1212 0000 2031
DKV2009, 1227 0000 0909 1111 1011 0612 2121 1717
DKV2009, 0909 3841 0808 1520 1011 0612 0000 1226
DKV2009, 0909 0611 0409 0711 1111 0612 1318 0627
DKV2009, 1316 1036 1116 1010 1111 1717 1319 0711
DKV2009, 1722 1438 0913 1011 1011 0612 0000 0606
DKV2009, 1019 1338 0909 0711 1111 1212 0000 1633
DKV2009, 1819 1119 0308 0711 1111 1718 0000 1332
DKV2009, 0920 2627 0708 0507 0711 0712 0000 1328
DKV2009, 1415 1618 0818 0707 0711 0712 1321 1515
DKV2009, 1428 1021 0915 0511 1111 1113 0404 1619
DKV2009, 0000 2628 0808 0505 1111 0712 0000 1217
DKV2009, 2129 2828 1416 0511 1112 1212 1819 2528
DKV2009, 0936 3539 0909 0511 1111 0612 0000 0000
DKV2009, 1316 1218 0808 0505 1111 1212 0000 1314
DKV2009, 1115 1313 0809 0707 1111 1212 1318 1517
DKV2009, 1217 2727 0910 0307 1011 1212 0000 1727
DKV2009, 1720 1519 0808 0511 1111 0712 0000 1132
DKV2009, 1932 1038 0808 1116 1111 0312 0707 1623
DKV2009, 1920 1214 0708 0507 1011 0712 0000 1325
DKV2009, 1516 1214 0808 0505 0000 0612 0000 1415
DKV2009, 0910 1117 0809 1111 1111 0712 2122 1215
DKV2009, 0319 2026 0808 0711 0711 1212 1218 1617
DKV2009, 2229 2228 0808 0511 1111 0612 0000 1820
DKV2009, 0315 2228 0808 0105 1111 0612 0000 1524
DKV2009, 1216 0000 0915 0611 1112 1212 2325 1229
DKV2009, 1019 0818 0408 0711 1111 0612 0000 1934
DKV2009, 0822 2527 0909 0507 0711 1212 0000 1427
DKV2009, 1012 0510 0308 1111 1111 1212 0000 1123
DKV2009, 0710 1036 0308 1111 0711 0612 0000 1420
DKV2009, 2529 1313 0708 0507 1111 0612 0000 1326
DKV2009, 1217 1313 0910 0707 1011 0312 0000 1727
DKV2009, 0928 0833 0809 0511 0711 0312 1319 1826
DKV2009, 2021 1135 0810 0711 1111 1212 1618 1527
DKV2009, 1515 0921 0909 1111 0711 0312 0000 0615
DKV2009, 1111 0707 0816 0511 1111 1217 1320 0516
DKV2009, 0921 1414 0921 0505 1011 0612 2121 1735
DKV2009, 0822 0707 1010 0507 1111 1212 0000 1432
DKV2009, 1722 1010 0913 0211 1011 0612 1319 0626
DKV2009, 0518 2127 1821 0711 1111 0612 0917 0505
DKV2009, 1722 1010 0913 1111 1011 0612 1919 0627
DKV2009, 1520 1010 0808 0711 0711 0612 0000 2328
Pop
DKV2010, 1115 1016 0809 0707 1111 1212 0000 1518
DKV2010, 1517 0809 0909 0707 1111 1212 2324 1432
DKV2010, 1012 2931 0809 0711 1111 0612 1415 0518
DKV2010, 1213 3135 0921 0511 1111 0612 2424 1920
DKV2010, 1010 3434 1616 0607 1111 1217 1826 2930
DKV2010, 0934 0726 0809 0511 1111 0606 1826 1824
DKV2010, 1217 1023 1013 0710 1111 0606 1515 1827
DKV2010, 1111 2323 0810 0707 1011 1212 0624 2635
DKV2010, 1119 0927 0808 0511 1111 1212 2123 1418
DKV2010, 1012 1622 0808 0505 1111 0612 2128 1737
DKV2010, 1120 3639 0510 0511 1111 0612 0000 1225
DKV2010, 1517 3843 0000 0511 1111 0606 0000 1228
DKV2010, 1215 0836 0809 0511 0711 1212 1322 1417
DKV2010, 0911 2644 0808 0511 1111 1212 2223 1317
DKV2010, 0809 1327 0812 0511 0711 0612 1719 1233
DKV2010, 0713 1144 0811 0711 1111 1212 1220 1214
DKV2010, 0919 2628 0808 0511 0711 1212 0917 0918
DKV2010, 1012 2327 0808 0711 1111 1212 0707 1419
DKV2010, 0911 1736 0808 1010 1111 1212 2022 1216
DKV2010, 1111 2323 0810 1111 1011 1212 0000 2635
DKV2010, 0813 2540 0808 0707 1111 1212 0712 1225
DKV2010, 1030 1125 0821 0511 1111 0612 1010 1218
DKV2010, 2020 1036 0308 0711 0511 0612 1313 1313
DKV2010, 1121 0911 0808 1111 1111 0612 1620 1520
DKV2010, 1020 1026 0809 0511 1111 0612 1920 3235
DKV2010, 1719 0610 0915 0711 0711 1212 1922 3235
DKV2010, 1025 1023 1010 1111 1111 1212 2123 1415
DKV2010, 1322 1626 0000 1111 0711 1212 0000 1315
DKV2010, 0627 0000 1010 1111 1111 0612 0000 2425
DKV2010, 1010 2727 0909 0711 1111 1212 0000 0526
DKV2010, 1525 0627 0708 0511 1111 1212 0226 2023
DKV2010, 1220 1237 0808 0511 0711 0612 1319 1826
DKV2010, 1032 0812 0808 0511 0711 0612 1515 1824
DKV2010, 2122 1118 0808 0511 1111 1212 1920 1724
DKV2010, 0814 0411 0308 0511 0711 0612 0000 1318
DKV2010, 0920 2627 0308 0507 1111 0612 0000 1117
DKV2010, 1220 2039 0308 0511 0711 1212 0000 1220
DKV2010, 1520 1112 0308 0511 0000 0606 0000 2235
DKV2010, 1425 0640 0308 0507 1111 1212 0000 1114
DKV2010, 1120 1010 0308 0711 0711 1212 0000 1920
DKV2010, 0916 2335 0808 0511 1111 0612 0000 1831
DKV2010, 1325 0614 0808 0611 1111 0000 0000 1517
DKV2010, 0709 1135 0809 0511 1111 1212 0000 1319
Pop
DKH2008, 0911 1125 0808 1111 1111 1212 1717 2231
DKH2008, 0915 0808 0810 1111 1111 0612 1718 0000
DKH2008, 1113 1327 0814 1111 1111 1212 0000 0829
DKH2008, 0712 0813 0808 0511 1111 0612 0000 2228
DKH2008, 3535 1013 0808 1010 1111 1212 2023 2425
DKH2008, 1015 0811 0808 0511 1111 1212 0505 2027
DKH2008, 1417 2222 1010 1111 1111 1219 2021 0917
DKH2008, 0911 0606 0809 0711 1011 1212 1121 1623
DKH2008, 0714 0610 0808 1111 1111 1219 1121 0408
DKH2008, 1015 0810 0808 0711 1111 1212 0000 0000
DKH2008, 1119 0626 0808 0711 1111 1212 2121 1212
DKH2008, 3841 1011 0808 0611 1111 1212 2020 1523
DKH2008, 1111 1315 0808 0611 1011 1212 2023 1921
DKH2008, 0710 0911 0808 0611 0000 0000 1617 0000
DKH2008, 1120 0909 0808 0511 1111 0612 2026 2527
DKH2008, 1313 1117 0909 1111 1111 0612 1723 1317
DKH2008, 0911 1313 0809 0111 1111 1212 0000 0000
DKH2008, 1213 0823 0808 0511 1111 0612 2123 2231
DKH2008, 0712 0409 0808 1111 1111 0412 2426 1328
DKH2008, 0911 0823 0808 1111 1111 0612 2020 1618
DKH2008, 1125 4647 0821 1111 1011 1212 1626 1824
DKH2008, 1315 0713 1010 0611 0000 0606 1315 1326
DKH2008, 1012 1116 0808 0105 0711 1212 2727 2327
DKH2008, 1013 0946 0710 0105 0711 0606 1617 0913
Pop
DKH2010, 1313 1518 0809 0611 1111 1212 0000 1430
DKH2010, 1617 2225 0708 1212 1111 1212 0000 0606
DKH2010, 1017 0510 0808 1111 1111 1217 1925 1627
DKH2010, 1822 2529 0000 0000 1111 1212 0404 1829
DKH2010, 0829 0813 0808 0511 1111 0612 2526 1925
DKH2010, 0808 4444 0808 0711 1111 1212 0000 1930
DKH2010, 3240 2531 1010 0511 1111 1212 2325 2029
DKH2010, 0712 0610 0808 0711 1111 1212 1113 2024
DKH2010, 0913 0510 0708 0511 0711 0612 0719 1624
DKH2010, 1010 0808 0808 0511 1111 1212 0000 1526
DKH2010, 0715 1531 0809 0707 1111 1217 2324 3838
DKH2010, 1717 0308 0000 0711 0711 1212 0000 2636
DKH2010, 0918 1022 0808 0517 0711 1212 2222 1414
DKH2010, 0809 0909 0808 1111 1111 1212 0000 1423
DKH2010, 1026 3131 0708 0411 1111 1217 2021 2121
DKH2010, 2727 0809 0808 0511 1111 0606 1616 1116
DKH2010, 0915 1515 0909 0711 1111 0612 2223 3338
DKH2010, 1818 1044 0808 0511 1111 1212 0000 2428
DKH2010, 0515 1945 0808 0711 1111 0612 0000 1323
DKH2010, 1011 2929 0810 0511 1011 1717 2425 1729
DKH2010, 0922 1818 0000 0404 1111 0512 1226 0317
DKH2010, 0926 3234 0910 0000 1111 1212 0000 1424
DKH2010, 0708 1220 1010 0707 1111 1212 2426 2427
DKH2010, 1314 1919 0808 1111 1111 1212 0000 1634
DKH2010, 2727 1116 0811 0000 0711 0612 0000 1733
DKH2010, 0714 1319 0708 0711 0610 1212 2323 0814
DKH2010, 0714 2626 0808 1111 1111 1216 1919 1115
DKH2010, 1239 0810 0808 0611 1111 0612 1622 2528
DKH2010, 0620 1515 0000 0611 1111 1212 1212 1233
DKH2010, 0814 1523 0909 1111 1111 1212 0000 2026
DKH2010, 2931 0814 0707 0707 1112 1217 0000 1523
DKH2010, 1313 2445 0808 1111 1111 0612 1826 2626
DKH2010, 1111 0909 0810 0000 1111 0612 1111 1835
DKH2010, 1728 0606 0708 0711 1111 0612 1017 0710
DKH2010, 1017 1737 0909 0511 1111 1212 0000 1015
DKH2010, 1136 2525 0909 1111 1111 1212 1819 2223
DKH2010, 0709 0910 0808 0507 1111 0612 0000 2233
DKH2010, 0913 2323 0808 0105 1111 0612 0808 1319
DKH2010, 0913 2223 0808 0505 1111 0612 0808 1319
DKH2010, 1818 1044 0808 0511 1111 1212 0000 2229
DKH2010, 2727 0809 0308 0511 1111 0606 1116 1116
DKH2010, 0709 0910 0808 0507 0711 0612 1616 2233
Pop
NET2009, 0310 1012 0808 0507 0111 1212 0000 0000
NET2009, 0815 1616 0808 0505 0111 1315 0000 1620
NET2009, 1115 1011 0808 0611 1111 1212 0000 0921
NET2009, 0303 1024 0808 0507 0711 0712 0000 1720
NET2009, 0722 0912 0308 1111 1111 0712 0000 2129
NET2009, 1328 0713 0814 0507 1111 1212 0000 1718
NET2009, 0926 0910 0108 1011 1111 1212 0000 1820
NET2009, 0722 1114 0808 0505 1111 1212 0000 1724
NET2009, 0312 0710 0808 1111 0711 0707 0000 3131
NET2009, 0338 0909 1313 0511 1111 1212 0000 3132
NET2009, 1314 1313 0808 1010 1111 1212 0000 1418
NET2009, 0307 0912 0000 0511 1111 1212 0000 1525
NET2009, 3232 1116 0308 0000 1111 1212 0000 1629
NET2009, 1313 1414 0808 0707 1111 0612 0000 1727
NET2009, 2941 0940 0808 0711 0000 0612 0000 1633
NET2009, 0000 1121 0000 1111 0711 0000 0000 0000
NET2009, 1729 1010 0808 0507 1111 0712 0000 1723
NET2009, 1112 1919 0909 1111 0000 1213 0000 2530
NET2009, 0303 1015 0808 0711 1111 0612 0000 0000
NET2009, 0314 3642 0808 0511 1111 1212 0000 0000
NET2009, 1414 1433 0000 1011 1011 0612 0000 0000
NET2009, 0326 1433 0809 0711 1111 0612 0000 0000
NET2009, 0307 0911 0808 1313 1111 0612 0000 2023
NET2009, 0103 0606 0808 1313 1111 1212 0000 1027
NET2009, 0519 1016 0808 1313 1111 1212 0000 1214
NET2009, 0513 1111 0308 0813 1111 0610 0000 2424
NET2009, 0313 0919 1321 0511 1111 0712 0000 1330
NET2009, 0303 1117 1616 0611 1111 0712 0000 2235
NET2009, 0306 0918 0808 0511 1111 1012 0000 1017
NET2009, 0332 0918 0808 0707 1111 0000 0000 2433
NET2009, 0909 1818 0707 0711 0711 0712 0000 2121
NET2009, 3132 1012 0821 1111 0000 0712 0000 1313
NET2009, 1313 1616 0808 0511 0711 0106 0000 2331
NET2009, 0313 0919 1321 0511 1111 1212 0000 1330
NET2009, 0314 0626 0308 0507 1111 0000 0000 2626
NET2009, 1010 0910 0808 0505 1111 1212 0000 1829
NET2009, 1010 1517 0909 0611 1111 1012 0000 2831
NET2009, 0000 0000 0809 0511 1111 0712 0000 2020
NET2009, 0305 0919 0813 0611 0711 1212 0000 2434
NET2009, 0000 1116 0913 0511 0711 1111 0000 1318
NET2009, 1626 0909 0808 0711 1111 0609 0000 2830
NET2009, 0303 1213 0409 0105 1111 0612 0000 1418
NET2009, 0916 0913 0809 0505 1111 0712 0000 0808
NET2009, 0303 1010 0813 0911 1111 0612 0000 2327
NET2009, 1335 0911 0809 1111 1011 0612 0000 1921
NET2009, 1212 1226 0308 1111 1111 1212 0000 1534
NET2009, 0404 1111 0808 0707 1111 0612 0000 1425
NET2009, 0000 1020 0808 0511 1111 0612 0000 1125
Pop
NET2010, 3030 0909 0816 0711 1111 1212 1217 1227
NET2010, 1120 0810 0308 1111 1111 0610 0923 3232
NET2010, 0808 1214 0808 1111 1111 1012 1215 1922
NET2010, 0311 0910 0808 0711 1111 1212 0000 1127
NET2010, 0737 1515 0808 1111 1111 0612 0913 2128
NET2010, 2136 0911 0808 0511 1111 1212 0000 2022
NET2010, 0312 1013 0808 1111 1111 0606 0418 2532
NET2010, 0808 1414 0809 1911 0111 0911 0000 1823
NET2010, 1128 0707 0809 0711 1111 1010 1128 1225
NET2010, 0316 3643 0809 0511 1111 1212 0309 2830
NET2010, 1333 0909 0308 0711 1111 0612 1118 2731
NET2010, 1232 0910 0308 0711 1111 0606 0000 1621
NET2010, 1330 1011 0909 1111 1111 1012 0000 1322
NET2010, 0303 1038 0808 0711 1111 0912 0000 2022
NET2010, 3438 1214 0913 0511 1111 0606 0000 2326
NET2010, 1032 0915 0913 0505 1111 1212 1316 1623
NET2010, 2533 1111 0916 0511 1111 0612 1920 1324
NET2010, 0928 1224 0809 1111 1111 1212 0000 1621
NET2010, 1733 1010 0308 0507 1111 1212 1629 2122
NET2010, 0721 0948 0808 0511 1111 1212 0000 2124
NET2010, 0304 1013 0813 1111 1111 1212 0000 1717
NET2010, 0316 4343 0809 0511 1111 1212 0000 2830
NET2010, 1636 1021 0808 0511 0000 1212 0203 2127
NET2010, 0411 0911 0911 0714 1111 1212 0000 1720
NET2010, 0411 0911 0911 0707 1111 0606 0000 1322
NET2010, 1416 1319 0308 0000 0111 1219 0000 1919
NET2010, 1221 1219 0708 0000 1111 1119 0000 1419
NET2010, 1323 2323 0825 0711 1111 1212 0000 1116
NET2010, 0304 1244 0813 0707 1111 1212 0202 1524
NET2010, 1636 1013 0308 1111 1111 1212 0000 1717
NET2010, 1219 0909 0308 0711 0711 1212 0000 1320
NET2010, 0334 0510 0808 0507 1111 0712 0000 1327
NET2010, 1428 1636 1616 1111 0711 1214 0413 1819
NET2010, 0303 0808 0808 0711 1111 0712 1010 0820
NET2010, 1237 1021 0308 0511 1111 0912 0505 1012
NET2010, 0310 0913 0808 0511 1111 0612 1415 1316
NET2010, 0715 2121 0821 0611 1111 1012 0000 2026
NET2010, 0317 0610 0808 1114 1111 0606 0000 1727
NET2010, 1435 1035 0808 0316 1111 0612 0203 1525
NET2010, 0312 1010 0808 0505 1111 1012 0000 1521
NET2010, 1225 0909 0813 0105 1111 0606 1116 0919
NET2010, 1934 0000 0808 0511 1111 1212 0000 2130
NET2010, 1414 0310 0808 0711 1111 0612 1718 1018
NET2010, 1934 1033 0808 0511 1111 1212 0202 2121
NET2010, 0430 0814 0308 1111 1011 0612 0112 1122
NET2010, 0210 1313 0808 1919 1111 1212 0000 2631
Pop
NET2011, 0813 1015 1212 1111 0711 0606 1718 1215
NET2011, 1214 2323 0712 0711 1111 1212 0000 1720
NET2011, 1111 2833 0713 1212 0711 0612 1718 1116
NET2011, 1217 1718 0811 0707 1111 1212 1415 2021
NET2011, 0303 1222 0000 0811 1111 1012 0404 1325
NET2011, 0712 0937 1818 0511 1011 1214 0101 0000
NET2011, 1011 1820 0709 1111 1111 1212 1010 1327
NET2011, 0829 2426 0808 0000 1111 0612 1415 1115
NET2011, 0817 0811 0711 0711 1111 1212 0000 1228
NET2011, 2030 0315 0809 1212 1111 1112 2021 1519
NET2011, 1112 1523 0909 1111 1111 0617 0000 1212
NET2011, 0618 0825 0000 0707 0711 1214 1010 1922
NET2011, 1119 1318 0308 1111 1111 1112 1818 0711
NET2011, 1116 1016 0909 0111 1111 1112 1515 0922
NET2011, 1018 2529 1213 1111 1111 1212 1521 0619
NET2011, 2133 1824 0812 0707 0711 1212 1718 2222
NET2011, 1515 0715 0812 0000 1111 1114 0000 3232
NET2011, 1032 1928 1313 0711 1111 1214 0000 2929
NET2011, 0608 2323 0707 0711 1111 1212 0611 1821
NET2011, 0913 0420 0811 1111 1111 1212 1818 0926
NET2011, 0835 0822 1313 0303 0711 1112 0000 2125
NET2011, 0311 0913 0808 1111 1111 0312 1717 0610
NET2011, 1429 2346 0809 0707 1111 1111 0000 1214
NET2011, 0513 0611 0808 0000 1111 0612 0912 2121
NET2011, 0910 0725 0811 1112 1011 0412 2425 2337
NET2011, 1111 2537 0709 1111 1111 1213 2021 1220
NET2011, 1214 1227 1010 1111 1111 1212 1717 2020
NET2011, 0609 0000 0909 1111 1111 1214 1011 1416
NET2011, 1515 0000 0707 0000 0000 0412 1010 1115
NET2011, 1116 1034 0808 0212 1111 1212 1919 0622
NET2011, 1320 0523 1010 1111 0711 1112 0203 0206
NET2011, 0514 3131 1010 0312 1111 1414 0000 1319
NET2011, 0620 0914 0809 0511 0410 1212 1717 1824
NET2011, 0930 0707 0808 0311 1111 1112 1414 1728
NET2011, 1736 0105 1214 0000 1112 1212 0000 0413
NET2011, 1216 1027 0912 1111 1111 1213 1024 1225
NET2011, 1424 0620 0709 1111 1111 0611 1224 2728
NET2011, 1212 1516 2323 0311 1111 1112 1517 1820
NET2011, 0911 0814 0910 1111 1111 1113 0415 1012
NET2011, 0829 0820 0709 0000 1111 0404 1516 0720
NET2011, 0823 1419 1313 1111 1111 1113 1213 2428
NET2011, 1011 1939 0308 1111 1111 1212 2425 1313
Pop
UK2009, 1016 1143 0114 1717 1111 1112 0000 2021
UK2009, 0505 2126 1111 1717 1111 1111 1414 2222
UK2009, 1120 1029 0909 0707 0711 0712 2324 1818
UK2009, 1013 0909 0909 0000 0711 1217 1212 0826
UK2009, 0813 1418 0114 0000 1111 1212 1017 2526
UK2009, 0512 1818 0909 1717 1111 1212 1321 2227
UK2009, 1022 0303 1117 1111 1111 0606 1819 1324
UK2009, 1013 2933 1010 1117 0111 0612 1414 2632
UK2009, 2733 0106 0308 0711 1010 1112 1526 1818
UK2009, 0412 2627 0109 0611 0111 1212 1111 2127
UK2009, 1115 2127 0909 0711 1111 1212 1919 0611
UK2009, 0617 3032 0207 1717 1111 0512 1415 2123
UK2009, 1315 0303 1225 1818 0111 1212 1415 0725
UK2009, 2041 0106 0107 1717 1111 1117 0821 3232
UK2009, 1623 0518 0808 1717 1111 0606 0713 2131
UK2009, 0931 1029 0911 1217 1111 1212 1516 2634
UK2009, 0000 3031 1010 1717 1111 0612 2020 1629
UK2009, 0408 2530 0811 1717 1111 1212 2224 2628
UK2009, 0631 0915 0809 1717 1011 0606 0505 1113
UK2009, 1117 1515 0808 1717 1111 0000 0523 1818
UK2009, 1121 2929 0808 0507 1111 1112 1012 1725
UK2009, 1112 1217 0611 1117 0711 0412 1719 2325
UK2009, 2332 1431 0912 1111 0711 0612 1111 2323
UK2009, 0413 1919 0808 1717 1111 0712 1619 1124
UK2009, 1212 2331 0914 1717 0711 0412 2123 2027
UK2009, 0618 1515 0308 1717 1111 0712 1427 0821
UK2009, 1414 1525 0707 1111 1111 1112 0104 3636
UK2009, 1919 1121 0209 0708 1011 0712 1226 0102
Pop
UK2010, 1029 0712 1616 1617 1111 0611 2122 2020
UK2010, 1112 2848 1017 0311 1112 0312 0216 1327
UK2010, 0515 0418 0808 1717 1112 1212 1016 1212
UK2010, 0311 0611 1017 1114 0311 1212 0610 0830
UK2010, 1418 0813 0808 1117 1112 1212 0000 1317
UK2010, 0516 0000 0808 0707 0311 0612 1313 2228
UK2010, 1017 2929 0808 1111 1111 1112 1819 2226
UK2010, 1415 1333 0808 1118 1111 1212 1119 2121
UK2010, 1830 1013 0611 0000 1111 1112 0000 0303
UK2010, 1212 2130 0717 1717 0110 1717 1332 2426
UK2010, 0713 1515 0114 1117 0111 0412 2223 1528
UK2010, 0716 2542 0814 1111 0111 1112 2021 2033
UK2010, 1118 1515 0709 1117 1011 1212 0319 0425
UK2010, 1113 2130 0816 0102 1111 1212 1118 0618
UK2010, 1226 1010 0809 1717 1111 0612 0925 1424
UK2010, 1424 0606 0808 1717 0711 1112 0101 2021
UK2010, 1111 1414 0909 0101 1111 1112 2929 2026
UK2010, 1119 1012 0709 1717 1111 1217 1112 1414
UK2010, 0611 1719 0510 1111 1111 1217 0414 2835
UK2010, 0612 2932 0910 1717 1111 0611 2124 1320
UK2010, 0932 0925 0808 1717 1111 1117 2020 1719
UK2010, 0625 1321 0914 1717 0711 1212 0000 0505
UK2010, 0711 1234 0708 1117 1112 0612 1920 2131
UK2010, 0505 1721 0810 1117 1111 1217 1313 1523
UK2010, 1013 2025 1515 1111 1011 0712 1920 1322
UK2010, 1515 2326 0409 0111 1111 0106 0312 1326
UK2010, 0815 1518 0709 1117 1111 0611 1519 1519
UK2010, 1218 0231 1212 0707 1111 0812 1316 1824
UK2010, 0416 0813 0709 1717 1111 0712 0505 0711
UK2010, 1428 1213 0207 1111 1111 1212 0000 1219
UK2010, 0811 0000 0611 0711 1111 1112 0909 2526
UK2010, 0406 2330 1013 0211 0711 0000 2631 1722
UK2010, 1417 2328 0409 1111 1112 0000 0000 2121
UK2010, 0305 0708 0308 1717 1111 1112 1419 1820
UK2010, 1115 1131 0808 1717 1111 1112 1515 2326
UK2010, 0811 2127 1212 0717 0711 1212 1821 0931
UK2010, 0621 1234 1013 1111 0111 1112 1717 0909
UK2010, 1012 1015 1313 1717 1111 0612 1332 0923
UK2010, 1010 1319 2020 1117 1111 1212 1419 0818
UK2010, 0527 0818 1111 1117 1111 1212 0000 1216
UK2010, 1215 1019 0909 0717 1111 0712 0000 2327
UK2010, 0612 1526 0722 1117 0911 1112 1521 0909
UK2010, 0630 0808 1011 1111 1111 1212 1517 1117
UK2010, 0828 1111 0808 1717 1111 1212 1016 2626
UK2010, 0505 1830 0722 0303 1111 0712 1415 2328
UK2010, 1119 1824 0309 1717 0711 1112 0000 2629
UK2010, 1217 1219 1016 1717 1111 0606 0000 2329
UK2010, 0516 0611 0209 1111 1111 1212 1321 1818
UK2010, 0711 1334 0808 1717 0711 1212 0413 1634
